4230916720
5593384224
6320229624
3583388988
3641541792
3560715983
3556069069
3863810526
3528930001
4953810758
6252154069
3567730103
5511357818
3943410999
6157646985
3564204166
4416482855
6392101234
5787623094
3938760191
3613677301
4459030381
3540854609
3613929380
6337621736
3928603022
5193760866
3716870548
3885896196
6304202503
5152568800
3987390389
3573909020
4775060220
6382329890
4133232627
5560958691
4550320651
5930186848
5570458996
5537346018
4415217835
5555087557
3549739690
6190418340
4419697431
3567645195
6399797510
6398567691
6350346544
6299564772
6153601602
5532106364
5401956603
3989180315
6378952253
5352233548
3898080867
4009762805
4017153878
3524011880
6360615709
3790645043
3701758981
6273715556
5536139226
3748242803
5772432720
5659126034
4774476645
3613844420
5535877736
4437780786
5541674283
3569992365
5961755092
5576247651
5549052299
5543505114
3867295388
6324061276
6265775539
5904102111
5548892772
4683783205
4222563136
5541095444
5138756978
3588425050
6007503337
5895420933
4416896249
5541254580
4415751274
6261069189
5841615281
5784477235
4160137505
3566759413
3554549066
6416892884
6324969882
5855762545
3662209646
6262267174
4196821180
3821008073
5537607039
4993000387
3771721196
3693882499
3614004308
6328705992
6251234779
4550373388
4245505436
3529466553
3821559686
3574640036
5985460083
5948183331
5901374490
5891234479
5655771169
5534783795
4446906467
4418534789
3921295262
3614069642
3586197774
5996606556
5852968054
4172045808
6348848930
6258168975
6029911570
6004974530
5550288153
4020859719
3601082814
5270737410
4245496630
3980154902
3576691228
3887882727
6288370034
6247183853
6102149010
5309807319
5142437008
4631332780
4450067952
4447760611
3820038044
3773158472
3614518213
3587784579
5629182306
4609469557
3613928593
3554059908
6419589196
6395305118
6103544157
6026522334
5799037138
5752537650
5655766179
5554742909
5548335544
5008781593
4417545662
5143477227
5138536478
5049469323
3771949820
6284077060
6192272472
5912323034
5705872439
3556196142
4362550203
4414101883
6286523906
5945167994
5622188932
5068778314
4826682080
4445749352
4386728436
3797327862
3615830401
5174014840
3569549862
4810683699
4081332693
4077125175
3615370648
3544037982
3584922930
6349370989
6049907844
6018494910
5987700750
5543861284
5223998305
5165649154
4459164408
4419373456
4350413213
4041553316
3623497605
3572485517
3571439761
3549339448
3545778477
3753885283
4461495771
6419151734
6358169229
6341760601
6176539928
6151636777
6002966424
5808697419
5715288009
5596827661
5399437008
5141442797
4893726209
4836772889
4430254186
4172171500
4150563398
3943426487
3905936131
3741526335
6416793928
6327324227
6011215764
5406686254
4951285088
4446887490
4381358128
3717360542
3541871518
3567748444
3530142371
3533214549
4418228421
3617329966
6155479004
5468269258
4047944800
4039697251
3773955010
3621441472
3601314138
3578542209
6399506071
6263390270
6260842098
6210535703
6170401089
6153243077
6043116513
6011263179
5993255995
5576696231
5544659326
5485268533
5114333451
4983272825
4900109539
4818464301
4539529555
4450332685
4449281877
4425947419
4420251163
4415305205
4376758946
4215312049
4196794112
4108494190
4035118684
3943398271
3874704817
3753254876
3613990812
3583502952
3761516361
5253691009
3946134799
3624017901
3550334431
3587970961
6401343944
6273595322
6271186487
6248604974
6158421278
6039730756
5902903876
5894569312
5861939991
5798324247
5752432936
5643672652
5635998030
5604424988
5568157765
5551639766
5548479956
5546392037
5539815272
5530051829
5476352532
5415340370
5253754279
5220962666
5059027716
5015951240
4965800244
4957507215
4706160328
4448207726
4445004829
4436240799
4419779608
4245485472
3981880393
3943923136
3943431472
3853608590
3787971691
3741526333
3624226302
3601216755
3550316056
3541193503
3524108310
3524028557
5898106695
5416101025
5144884899
4790073964
4417818122
3839074231
3665232209
3644199683
3614033033
3600094544
3570875122
3530749861
4845765827
3742957046
6396841739
6081929594
3603631091
3821932887
3538427659
4645495512
3860718766
3828423023
4362607519
6377520053
6375552388
6335332297
6330129699
6316837421
6288836920
6255315396
6201563158
6186240517
6122702387
6115174417
6034666241
6008154452
5968161799
5912005687
5721216147
5682833719
5636022077
5608315738
5555885617
5539784965
5532635575
5239675931
5166364914
5159072848
5146699530
5077555466
5054639740
4945834654
4911938299
4872877137
4657382216
4474468627
4469949162
5159327302
4677339954
5138455472
5159023855
6403551210
5138643078
5544092240
3566987272
3747791912
4416627359
6350583632
3748528132
3748571188
5558619926
4259808628
5845594048
3644076937
5472300121
3698655200
6359692446
3581401595
5551823987
5128970796
3583647471
6266136813
6287117398
5548715128
6337997013
3589531490
6386318014
5540948113
6288387293
5772892650
4519137511
4843224232
3524089617
3525341131
3676466347
5536446108
5534651136
3692081053
5555047004
3565287687
3821559656
3590064535
5978535697
5074580616
5138483314
4587034746
5980761296
6348761654
3800772989
4415925392
4597478221
3538862333
5279409697
3774384682
4464848460
6045059940
6232401872
3572954842
3943391335
5541385932
6207362090
6306248301
3842595042
4415324010
4956469569
3569267158
5900605627
3943409182
3619040839
5131590658
5964877511
5885265988
3573356243
5548306880
4245504275
6332328904
6266774259
6113294103
4452516315
4453504338
3548888401
3614309397
5861590535
3586034344
5531868758
6294389613
4870828156
6264040805
6356088573
6261237971
5547607337
3612138267
6394800535
5834299545
3568212769
3543754138
6150491291
6044985583
3542369481
4217537764
4605059763
5142171026
6181138153
6364219124
5608293626
6389731024
3846116750
6258388574
5614489383
4417392956
5656397550
5511603901
6299107760
6328206798
4470160869
5544961647
4951282494
4424516182
3856350032
6203889970
4426879218
4245503004
5544656290
5652222279
4259807470
5548626717
3894461470
3599964516
4873396469
5107406995
3839073480
3596667506
3849341796
5692962298
5543078192
5410127599
6095893338
5159191199
6263909593
3672055039
4996027561
5608230135
3734687090
5114345944
4592695223
4376725459
6415688836
5536130780
4550373013
3980534809
5899089288
3616076587
6249450134
4826524712
4826226199
4508507907
3524075075
4230916720
5593384224
6320229624
3583388988
3641541792
3560715983
3556069069
3863810526
3528930001
4953810758
6252154069
3567730103
5511357818
3943410999
6157646985
3564204166
4416482855
6392101234
5787623094
3938760191
3613677301
4459030381
3540854609
3613929380
6337621736
3928603022
5193760866
3716870548
3885896196
6304202503
5152568800
3987390389
3573909020
4775060220
6382329890
4133232627
5560958691
4550320651
5930186848
5570458996
5537346018
4415217835
5555087557
3549739690
6190418340
4419697431
3567645195
6399797510
6398567691
6350346544
6299564772
6153601602
5532106364
5401956603
3989180315
6378952253
5352233548
3898080867
4009762805
4017153878
3524011880
6360615709
3790645043
3701758981
6273715556
5536139226
3748242803
5772432720
5659126034
4774476645
3613844420
5535877736
4437780786
5541674283
3569992365
5961755092
5576247651
5549052299
5543505114
3867295388
6324061276
6265775539
5904102111
5548892772
4683783205
4222563136
5541095444
5138756978
3588425050
6007503337
5895420933
4416896249
5541254580
4415751274
6261069189
5841615281
5784477235
4160137505
3566759413
3554549066
6416892884
6324969882
5855762545
3662209646
6262267174
4196821180
3821008073
5537607039
4993000387
3771721196
3693882499
3614004308
6328705992
6251234779
4550373388
4245505436
3529466553
3821559686
3574640036
5985460083
5948183331
5901374490
5891234479
5655771169
5534783795
4446906467
4418534789
3921295262
3614069642
3586197774
5996606556
5852968054
4172045808
6348848930
6258168975
6029911570
6004974530
5550288153
4020859719
3601082814
5270737410
4245496630
3980154902
3576691228
3887882727
6288370034
6247183853
6102149010
5309807319
5142437008
4631332780
4450067952
4447760611
3820038044
3773158472
3614518213
3587784579
5629182306
4609469557
3613928593
3554059908
6419589196
6395305118
6103544157
6026522334
5799037138
5752537650
5655766179
5554742909
5548335544
5008781593
4417545662
5143477227
5138536478
5049469323
3771949820
6284077060
6192272472
5912323034
5705872439
3556196142
4362550203
4414101883
6286523906
5945167994
5622188932
5068778314
4826682080
4445749352
4386728436
3797327862
3615830401
5174014840
3569549862
4810683699
4081332693
4077125175
3615370648
3544037982
3584922930
6349370989
6049907844
6018494910
5987700750
5543861284
5223998305
5165649154
4459164408
4419373456
4350413213
4041553316
3623497605
3572485517
3571439761
3549339448
3545778477
3753885283
4461495771
6419151734
6358169229
6341760601
6176539928
6151636777
6002966424
5808697419
5715288009
5596827661
5399437008
5141442797
4893726209
4836772889
4430254186
4172171500
4150563398
3943426487
3905936131
3741526335
6416793928
6327324227
6011215764
5406686254
4951285088
4446887490
4381358128
3717360542
3541871518
3567748444
3530142371
3533214549
4418228421
3617329966
6155479004
5468269258
4047944800
4039697251
3773955010
3621441472
3601314138
3578542209
6399506071
6263390270
6260842098
6210535703
6170401089
6153243077
6043116513
6011263179
5993255995
5576696231
5544659326
5485268533
5114333451
4983272825
4900109539
4818464301
4539529555
4450332685
4449281877
4425947419
4420251163
4415305205
4376758946
4215312049
4196794112
4108494190
4035118684
3943398271
3874704817
3753254876
3613990812
3583502952
3761516361
5253691009
3946134799
3624017901
3550334431
3587970961
6401343944
6273595322
6271186487
6248604974
6158421278
6039730756
5902903876
5894569312
5861939991
5798324247
5752432936
5643672652
5635998030
5604424988
5568157765
5551639766
5548479956
5546392037
5539815272
5530051829
5476352532
5415340370
5253754279
5220962666
5059027716
5015951240
4965800244
4957507215
4706160328
4448207726
4445004829
4436240799
4419779608
4245485472
3981880393
3943923136
3943431472
3853608590
3787971691
3741526333
3624226302
3601216755
3550316056
3541193503
3524108310
3524028557
5898106695
5416101025
5144884899
4790073964
4417818122
3839074231
3665232209
3644199683
3614033033
3600094544
3570875122
3530749861
4845765827
3742957046
6396841739
6081929594
3603631091
3821932887
3538427659
4645495512
3860718766
3828423023
4362607519
6377520053
6375552388
6335332297
6330129699
6316837421
6288836920
6255315396
6201563158
6186240517
6122702387
6115174417
6034666241
6008154452
5968161799
5912005687
5721216147
5682833719
5636022077
5608315738
5555885617
5539784965
5532635575
5239675931
5166364914
5159072848
5146699530
5077555466
5054639740
4945834654
4911938299
4872877137
4657382216
4474468627
4469949162
4429449275
4418900659
4245494679
4214281731
3943430281
3885895919
3773771545
3771801677
3613685099
3613659242
3582477834
3569494501
3561131121
3553874253
3534942425
3531575543
3528569672
5671301533
4861829890
4810435682
4122310448
3551339512
5054864145
4708022400
4422580159
4421890514
3613919555
3588855547
3524513619
6386671675
6386567749
6329958678
6328618968
6262987838
6013753130
5971826361
5704872763
5704848120
5693569667
5556370435