5159327302
4677339954
5138455472
5159023855
6403551210
5138643078
5544092240
3566987272
3747791912
4416627359
6350583632
3748528132
3748571188
5558619926
4259808628
5845594048
3644076937
5472300121
3698655200
6359692446
3581401595
5551823987
5128970796
3583647471
6266136813
6287117398
5548715128
6337997013
3589531490
6386318014
5540948113
6288387293
5772892650
4519137511
4843224232
3524089617
3525341131
3676466347
5536446108
5534651136
5159327302
4677339954
5138455472
5159023855
6403551210
5138643078
5544092240
3566987272
3747791912
4416627359
6350583632
3748528132
3748571188
5558619926
4259808628
5845594048
3644076937
5472300121
3698655200
6359692446
3581401595
5551823987
5128970796
3583647471
6266136813
6287117398
5548715128
6337997013
3589531490
6386318014
5540948113
6288387293
5772892650
4519137511
4843224232
3524089617
3525341131
3676466347
5536446108
5534651136
5159327302
4677339954
5138455472
5159023855
6403551210
5138643078
5544092240
3566987272
3747791912
4416627359
6350583632
3748528132
3748571188
5558619926
4259808628
5845594048
3644076937
5472300121
3698655200
6359692446
3581401595
5551823987
5128970796
3583647471
6266136813
6287117398
5548715128
6337997013
3589531490
6386318014
5540948113
6288387293
5772892650
4519137511
4843224232
3524089617
3525341131
3676466347
5536446108
5534651136
3692081053
5555047004
3565287687
3821559656
3590064535
5978535697
5074580616
5138483314
4587034746
5980761296
6348761654
3800772989
4415925392
4597478221
3538862333
5279409697
3774384682
4464848460
6045059940
6232401872
3572954842
3943391335
5541385932
6207362090
6306248301
3842595042
4415324010
4956469569
3569267158
5900605627
3943409182
3619040839
5131590658
5964877511
5885265988
3573356243
5548306880
4245504275
6332328904
6266774259
5159327302
4677339954
5138455472
5159023855
6403551210
5138643078
5544092240
3566987272
3747791912
4416627359
6350583632
3748528132
3748571188
5558619926
4259808628
5845594048
3644076937
5472300121
3698655200
6359692446
3581401595
5551823987
5128970796
3583647471
6266136813
6287117398
5548715128
6337997013
3589531490
6386318014
5540948113
6288387293
5772892650
4519137511
4843224232
3524089617
3525341131
3676466347
5536446108
5534651136
3692081053
5555047004
3565287687
3821559656
3590064535
5978535697
5074580616
5138483314
4587034746
5980761296
6348761654
3800772989
4415925392
4597478221
3538862333
5279409697
3774384682
4464848460
6045059940
6232401872
3572954842
3943391335
5541385932
6207362090
6306248301
3842595042
4415324010
4956469569
3569267158
5900605627
3943409182
3619040839
5131590658
5964877511
5885265988
3573356243
5548306880
4245504275
6332328904
6266774259
5159327302
4677339954
5138455472
5159023855
6403551210
5138643078
5544092240
3566987272
3747791912
4416627359
6350583632
3748528132
3748571188
5558619926
4259808628
5845594048
3644076937
5472300121
3698655200
6359692446
3581401595
5551823987
5128970796
3583647471
6266136813
6287117398
5548715128
6337997013
3589531490
6386318014
5540948113
6288387293
5772892650
4519137511
4843224232
3524089617
3525341131
3676466347
5536446108
5534651136
3692081053
5555047004
3565287687
3821559656
3590064535
5978535697
5074580616
5138483314
4587034746
5980761296
6348761654
3800772989
4415925392
4597478221
3538862333
5279409697
3774384682
4464848460
6045059940
6232401872
3572954842
3943391335
5541385932
6207362090
6306248301
3842595042
4415324010
4956469569
3569267158
5900605627
3943409182
3619040839
5131590658
5964877511
5885265988
3573356243
5548306880
4245504275
6332328904
6266774259
6113294103
4452516315
4453504338
3548888401
3614309397
5861590535
3586034344
5531868758
6294389613
4870828156
6264040805
6356088573
6261237971
5547607337
3612138267
6394800535
5834299545
3568212769
3543754138
6150491291
6044985583
3542369481
4217537764
4605059763
5142171026
6181138153
6364219124
5608293626
6389731024
3846116750
6258388574
5614489383
4417392956
5656397550
5511603901
6299107760
6328206798
4470160869
5544961647
4951282494
5159327302
4677339954
5138455472
5159023855
6403551210
5138643078
5544092240
3566987272
3747791912
4416627359
6350583632
3748528132
3748571188
5558619926
4259808628
5845594048
3644076937
5472300121
3698655200
6359692446
3581401595
5551823987
5128970796
3583647471
6266136813
6287117398
5548715128
6337997013
3589531490
6386318014
5540948113
6288387293
5772892650
4519137511
4843224232
3524089617
3525341131
3676466347
5536446108
5534651136
3692081053
5555047004
3565287687
3821559656
3590064535
5978535697
5074580616
5138483314
4587034746
5980761296
6348761654
3800772989
4415925392
4597478221
3538862333
5279409697
3774384682
4464848460
6045059940
6232401872
3572954842
3943391335
5541385932
6207362090
6306248301
3842595042
4415324010
4956469569
3569267158
5900605627
3943409182
3619040839
5131590658
5964877511
5885265988
3573356243
5548306880
4245504275
6332328904
6266774259
6113294103
4452516315
4453504338
3548888401
3614309397
5861590535
3586034344
5531868758
6294389613
4870828156
6264040805
6356088573
6261237971
5547607337
3612138267
6394800535
5834299545
3568212769
3543754138
6150491291
6044985583
3542369481
4217537764
4605059763
5142171026
6181138153
6364219124
5608293626
6389731024
3846116750
6258388574
5614489383
4417392956
5656397550
5511603901
6299107760
6328206798
4470160869
5544961647
4951282494
5159327302
4677339954
5138455472
5159023855
6403551210
5138643078
5544092240
3566987272
3747791912
4416627359
6350583632
3748528132
3748571188
5558619926
4259808628
5845594048
3644076937
5472300121
3698655200
6359692446
3581401595
5551823987
5128970796
3583647471
6266136813
6287117398
5548715128
6337997013
3589531490
6386318014
5540948113
6288387293
5772892650
4519137511
4843224232
3524089617
3525341131
3676466347
5536446108
5534651136
3692081053
5555047004
3565287687
3821559656
3590064535
5978535697
5074580616
5138483314
4587034746
5980761296
6348761654
3800772989
4415925392
4597478221
3538862333
5279409697
3774384682
4464848460
6045059940
6232401872
3572954842
3943391335
5541385932
6207362090
6306248301
3842595042
4415324010
4956469569
3569267158
5900605627
3943409182
3619040839
5131590658
5964877511
5885265988
3573356243
5548306880
4245504275
6332328904
6266774259
6113294103
4452516315
4453504338
3548888401
3614309397
5861590535
3586034344
5531868758
6294389613
4870828156
6264040805
6356088573
6261237971
5547607337
3612138267
6394800535
5834299545
3568212769
3543754138
6150491291
6044985583
3542369481
4217537764
4605059763
5142171026
6181138153
6364219124
5608293626
6389731024
3846116750
6258388574
5614489383
4417392956
5656397550
5511603901
6299107760
6328206798
4470160869
5544961647
4951282494
4424516182
3856350032
6203889970
4426879218
4245503004
5544656290
5652222279
4259807470
5548626717
3894461470
3599964516
4873396469
5107406995
3839073480
3596667506
3849341796
5692962298
5543078192
5410127599
6095893338
5159191199
6263909593
3672055039
4996027561
5608230135
3734687090
5114345944
4592695223
4376725459
6415688836
5536130780
4550373013
3980534809
5899089288
3616076587
6249450134
4826524712
4826226199
4508507907
3524075075
5159327302
4677339954
5138455472
5159023855
6403551210
5138643078
5544092240
3566987272
3747791912
4416627359
6350583632
3748528132
3748571188
5558619926
4259808628
5845594048
3644076937
5472300121
3698655200
6359692446
3581401595
5551823987
5128970796
3583647471
6266136813
6287117398
5548715128
6337997013
3589531490
6386318014
5540948113
6288387293
5772892650
4519137511
4843224232
3524089617
3525341131
3676466347
5536446108
5534651136
3692081053
5555047004
3565287687
3821559656
3590064535
5978535697
5074580616
5138483314
4587034746
5980761296
6348761654
3800772989
4415925392
4597478221
3538862333
5279409697
3774384682
4464848460
6045059940
6232401872
3572954842
3943391335
5541385932
6207362090
6306248301
3842595042
4415324010
4956469569
3569267158
5900605627
3943409182
3619040839
5131590658
5964877511
5885265988
3573356243
5548306880
4245504275
6332328904
6266774259
6113294103
4452516315
4453504338
3548888401
3614309397
5861590535
3586034344
5531868758
6294389613
4870828156
6264040805
6356088573
6261237971
5547607337
3612138267
6394800535
5834299545
3568212769
3543754138
6150491291
6044985583
3542369481
4217537764
4605059763
5142171026
6181138153
6364219124
5608293626
6389731024
3846116750
6258388574
5614489383
4417392956
5656397550
5511603901
6299107760
6328206798
4470160869
5544961647
4951282494
4424516182
3856350032
6203889970
4426879218
4245503004
5544656290
5652222279
4259807470
5548626717
3894461470
3599964516
4873396469
5107406995
3839073480
3596667506
3849341796
5692962298
5543078192
5410127599
6095893338
5159191199
6263909593
3672055039
4996027561
5608230135
3734687090
5114345944
4592695223
4376725459
6415688836
5536130780
4550373013
3980534809
5899089288
3616076587
6249450134
4826524712
4826226199
4508507907
3524075075
5159327302
4677339954
5138455472
5159023855
6403551210
5138643078
5544092240
3566987272
3747791912
4416627359
6350583632
3748528132
3748571188
5558619926
4259808628
5845594048
3644076937
5472300121
3698655200
6359692446
3581401595
5551823987
5128970796
3583647471
6266136813
6287117398
5548715128
6337997013
3589531490
6386318014
5540948113
6288387293
5772892650
4519137511
4843224232
3524089617
3525341131
3676466347
5536446108
5534651136
3692081053
5555047004
3565287687
3821559656
3590064535
5978535697
5074580616
5138483314
4587034746
5980761296
6348761654
3800772989
4415925392
4597478221
3538862333
5279409697
3774384682
4464848460
6045059940
6232401872
3572954842
3943391335
5541385932
6207362090
6306248301
3842595042
4415324010
4956469569
3569267158
5900605627
3943409182
3619040839
5131590658
5964877511
5885265988
3573356243
5548306880
4245504275
6332328904
6266774259
6113294103
4452516315
4453504338
3548888401
3614309397
5861590535
3586034344
5531868758
6294389613
4870828156
6264040805
6356088573
6261237971
5547607337
3612138267
6394800535
5834299545
3568212769
3543754138
6150491291
6044985583
3542369481
4217537764
4605059763
5142171026
6181138153
6364219124
5608293626
6389731024
3846116750
6258388574
5614489383
4417392956
5656397550
5511603901
6299107760
6328206798
4470160869
5544961647
4951282494
4424516182
3856350032
6203889970
4426879218
4245503004
5544656290
5652222279
4259807470
5548626717
3894461470
3599964516
4873396469
5107406995
3839073480
3596667506
3849341796
5692962298
5543078192
5410127599
6095893338
5159191199
6263909593
3672055039
4996027561
5608230135
3734687090
5114345944
4592695223
4376725459
6415688836
5536130780
4550373013
3980534809
5899089288
3616076587
6249450134
4826524712
4826226199
4508507907
3524075075
4230916720
5593384224
6320229624
3583388988
3641541792
3560715983
3556069069
3863810526
3528930001
4953810758
6252154069
3567730103
5511357818
3943410999
6157646985
3564204166
4416482855
6392101234
5787623094
3938760191
3613677301
4459030381
3540854609
3613929380
6337621736
3928603022
5193760866
3716870548
3885896196
6304202503
5152568800
3987390389
3573909020
4775060220
6382329890
4133232627
5560958691
4550320651
5930186848
5570458996